# MVE view meta data is stored in INI-file syntax.
# This file is generated, formatting will get lost.

[camera]
focal_length = 0.9474441409
pixel_aspect = 1
principal_point = 0.5 0.5
rotation = 0.9999688268 0.006284627598 0.005933812819 -0.006282579619 1.000000358 0.0002467392478 -0.005932893604 -0.0002846580464 0.9999981523
translation = 0.05313437805 0.8827502131 -0.003612389788

[view]
id = 6
name = IMG_0197
