# MVE view meta data is stored in INI-file syntax.
# This file is generated, formatting will get lost.

[camera]
focal_length = 0.9484016895
pixel_aspect = 1
principal_point = 0.5 0.5
rotation = 0.9999403358 0.002659699181 -0.01163752284 -0.002617395716 1.000012755 0.002476987429 0.01164192334 -0.002445231425 0.9999477863
translation = -0.09403714538 -0.9539084435 -0.08096651733

[view]
id = 4
name = IMG_0195
