# MVE view meta data is stored in INI-file syntax.
# This file is generated, formatting will get lost.

[camera]
focal_length = 0.9537657499
pixel_aspect = 1
principal_point = 0.5 0.5
rotation = 0.9999887943 0.005717620719 0.0001162996559 -0.005717928056 0.9999752641 0.005402182695 -8.537394024e-05 -0.005403004587 0.999986589
translation = -0.006089707837 -0.03350607306 -0.003366579767

[view]
id = 5
name = IMG_0196
