# MVE view meta data is stored in INI-file syntax.
# This file is generated, formatting will get lost.

[camera]
focal_length = 0.9511001706
pixel_aspect = 1
principal_point = 0.5 0.5
rotation = 0.9998669028 0.01665813103 -0.00148323644 -0.01664315537 0.9998741746 0.006396098062 0.001592796063 -0.006371456664 1.000007868
translation = -0.171138525 -1.860961676 -0.1002206951

[view]
id = 3
name = IMG_0194
