# MVE view meta data is stored in INI-file syntax.
# This file is generated, formatting will get lost.

[camera]
focal_length = 0.9457550645
pixel_aspect = 1
principal_point = 0.5 0.5
rotation = 1.000019431 -0.0004306693445 0.004238901194 0.0004243020376 1.000030518 -0.004310499411 -0.00426086504 0.004288727883 1.000023723
translation = -0.2871075571 -3.711315393 -0.2378527671

[view]
id = 1
name = IMG_0192
