# MVE view meta data is stored in INI-file syntax.
# This file is generated, formatting will get lost.

[camera]
focal_length = 0.947865963
pixel_aspect = 1
principal_point = 0.5 0.5
rotation = 0.9998990893 0.01218843833 -0.01378642209 -0.01236506552 0.9999675751 -0.005384170916 0.01370539237 0.005535122007 1.000013828
translation = -0.4148824513 -4.637535572 -0.2724268436

[view]
id = 0
name = IMG_0191
