# MVE view meta data is stored in INI-file syntax.
# This file is generated, formatting will get lost.

[camera]
focal_length = 0.9470697641
pixel_aspect = 1
principal_point = 0.5 0.5
rotation = 0.9997988939 0.003802968422 0.02107893117 -0.003787713591 1.000024319 -0.001361372881 -0.02111157961 0.001260781195 0.9998059273
translation = -0.2251378 -2.77001524 -0.1763117015

[view]
id = 2
name = IMG_0193
